000000000000000000000000000000000000000000001111100000000000000000000000000000000000000000000000000000000000000000000000
000000000000000000000000000001111111100011111111111000000000000000000000000000000000000000000000000000000000000000000000
000000000000000000000000001111111111111111111111111111000000000000000000000000000000000000000000000000000000000000000000
000000000000000000000000011111111101111111111111111100000000000000000000000000000000000000000000000000000000000000000000
000000000000000000000000001111110111111111111111111000000000000000000000000000000000000010000000000000000000000000000000
000000000000000000000010000011100111111111111111111000000000001111000000000000000000000111000000000000000000000000000000
000000000000000000010111000000000011111111111111111000000000111100000000000000000000000011110000000000000000000000000000
000000000000000011110100100000000000001111111111111000000000011010000000000000000000000000110000000000000000000000000000
000000000000000111111111011000000000000111111111110000000000000000000000000011110000000111111110000000111000000000000000
000000000000000100100000001111000000000111111111110000000000000000000000000110000000011111111110000000111110000000000000
000000000000001111001111111111000000000111111111110000000000000000000000001100011111111111111111111100011000000000000000
000110000000001111111101101111111000000111111111000000000000000001100000011100111111111111111111111111111111000000001100
001111111100111101111111110111111100000111111100000000000000001111100000100001111111111111111111111111111111111111110000
011111111111111111001111111110101110000011110000000000000000011111111111111111111111111111111111111111111111111111111100
111111111111111111111111111110001111000011110000000000000000111111111111111111111111111111111111111111111111111111111111
111111111111111111111111111110111110000001100000000000000001111111111111111111111111111111111111111111111111111111111010
011111111111111111111111110010110110000000000000000000000011110111111111111111111111111111111111111111111111111111111000
011111111111111111111111100000111000000000000000000000000011111011111111111111111111111111111111111111111111101111000000
001111000011111111111111110000111110000000000000000000000011110011111111111111111111111111111111111111110000011000000000
001110000001111111111111111000011111000000000000000000000001010111111111111111111111111111111111111111100000011000000000
111000000001111111111111111110111111100000000000000000000001111111111111111111111111111111111111111111110000111000000000
100000000000011111111111111110111111110000000000000000000011111111111111111111111111111111111111111111111000010000000000
000000000000011111111111111111111100010000000000000000001111111111111111111111111111111111111111111111110000000000000000
000000000000000111111111111111111110111000000000000000001111111111111111111111111111111111111111111111111000000000000000
000000000000000111111111111111111111000000000000000000001111111111111111111111111111111111111111111111111000000000000000
000000000000000111111111111111111000000000000000000001111111101111000011111111111111111111111111111111011000000000000000
000000000000000111111111111111110000000000000000000001111001010111111111111111111111111111111111111100010000000000000000
000000000000000111111111111111100000000000000000000001110000110111111111111111111111111111111111101100110000000000000000
000000000000000011111111111111100000000000000000000000111111000000011111111111111111111111111111100111110000000000000000
000000000000000001111111111111000000000000000000000001111111100110001111111111111111111111111111100010000000000000000000
000000000000000000111111111111000000000000000000000001111111111111111111111111111111111111111111100010000000000000000000
000000000000000000111111000001000000000000000000000011111111111111111111101111111111111111111111100100000000000000000000
000000000000000000011111000000000000000000000000000111111111111111110111110000011111111111111111100000000000000000000000
000000000000000000000111001101111000000000000000001111111111111111111111111100011111111111111100000000000000000000000000
000000000000000000000111111000111110000000000000000111111111111111111011111000000111100011110100110000000000000000000000
000000000000000000000001111110000000000000000000000111111111111111111101110000000111000001111000110000000000000000000000
000000000000000000000000001110001000000000000000000111111111111111111111000000000111000001111000111000000000000000000000
000000000000000000000000000111111111000000000000000011111111111111111111110000000010000001010000011000000000000000000000
000000000000000000000000000001111111100000000000000011111111111111111111110000000001000001100001011000000000000000000000
000000000000000000000000000000111111111100000000000001100001111111111111000000000000000011110011000000000000000000000000
000000000000000000000000000001111111111100000000000000000001111111111110000000000000000001110111111100000000000000000000
000000000000000000000000000001111111111111000000000000000001111111111100000000000000000000110111111111110000000000000000
000000000000000000000000000001111111111111111000000000000000111111111100000000000000000000011000111001111111000000000000
000000000000000000000000000000111111111111111000000000000000011111111100000000000000000000001111111011111100110000000000
000000000000000000000000000000111111111111110000000000000000011111111100000000000000000000000000110010000010000000000000
000000000000000000000000000000011111111111110000000000000000111111111100110000000000000000000000001111001000000000000000
000000000000000000000000000000001111111111110000000000000000111111111101100000000000000000000000111111111100000000000000
000000000000000000000000000000000111111111100000000000000000011111111001100000000000000000000000111111111100000110000000
000000000000000000000000000000000111111111100000000000000000011111111001100000000000000000000011111111111110000110000000
000000000000000000000000000000000111111110000000000000000000011111111001000000000000000000000011111111111111000000000000
000000000000000000000000000000001111111100000000000000000000001111100000000000000000000000000011111111111111000000000000
000000000000000000000000000000001111111100000000000000000000001111100000000000000000000000000001111111111111000000000000
000000000000000000000000000000001111111000000000000000000000001111000000000000000000000000000001110001111110000000100000
000000000000000000000000000000001111110000000000000000000000001110000000000000000000000000000000000000011110000000110000
000000000000000000000000000000001111100000000000000000000000001100000000000000000000000000000000000000001100000000111000
000000000000000000000000000000011111000000000000000000000000001000000000000000000000000000000000000000000100000000110000
000000000000000000000000000000011110000000000000000000000000000000000000000000000000000000000000000000000000000011100000
000000000000000000000000000000011100000000000000000000000000000000000000000000000000000000000000000000000000000011000000
000000000000000000000000000000011100000000000000000000000000000000000000000000000000000000000000000000000000000000000000
000000000000000000000000000000011000000000000000000000000000000000000000000000000000000000000000000000000000000000000000
000000000000000000000000000000011100000000000000000000000000000000000000000000000000000000000000000000000000000000000000
000000000000000000000000000000001110000000000000000000000000000000000000000000000000000000000000000000000000000000000000
000000000000000000000000000000000010000000000000000000000000000000000000000000000000000000000000000000000000000000000000
